430-433 315221862404347
434-436 815431862033239
437-440 815431862033260
441-444 315221862404358
445-447 815431862033249
448-450 315221862404346
451-452 815431862033258
453-456 315221862404391
457 815431862033263
458 815431862033266
459-460 315221862404377
461-463 315221862404392
517 713031799872208
518 813031799234785
519 713031805630934
520 713031805630937
521 513501823899429
522 813501823521030
523 215431862256801
524 215431862256807
525 315221862404396
526 215431862256814
527 415221862084006
528 415221862084008
529 315221873414457
530 115221873296881
530-532 915431872976836